<?xml version="1.0"?>
<opencv_storage>
<calibration_Time>"Tue Oct  8 10:53:15 2024"</calibration_Time>
<image_Width>960</image_Width>
<image_Height>540</image_Height>
<Camera_Matrix type_id="opencv-matrix">
  <rows>3</rows>
  <cols>3</cols>
  <dt>d</dt>
  <data>
    4.64500000000000000e+02 0. 4.83100000000000023e+02 0.
    4.64500000000000000e+02 2.65399999999999977e+02 0. 0. 1.</data></Camera_Matrix>
<Distortion_Coefficients type_id="opencv-matrix">
  <rows>5</rows>
  <cols>1</cols>
  <dt>d</dt>
  <data>
    0.00000000000000000e+00 0.00000000000000000e+00 0.00000000000000000e+00 0.00000000000000000e+00
    0.00000000000000000e+00</data></Distortion_Coefficients>
</opencv_storage>
